4294967278,316
4294967279,329
4294967279,328
4294967279,327
4294967279,326
4294967279,325
4294967279,324
4294967279,323
4294967279,322
4294967279,321
4294967279,320
4294967279,541
4294967279,540
4294967279,539
4294967279,538
4294967279,537
4294967279,536
4294967279,535
4294967279,534
4294967279,533
4294967279,532
4294967279,531
4294967279,530
4294967279,529
4294967279,528
4294967279,527
4294967279,526
4294967279,525
4294967279,524
4294967279,523
4294967279,522
4294967279,521
4294967279,520
4294967279,519
4294967279,518
4294967279,517
4294967279,516
4294967279,515
4294967279,514
4294967279,513
4294967279,512
4294967279,136
4294967279,133
4294967294,429
4294967294,477
4294967278,315
4294967279,319
4294967279,318
4294967279,317
4294967278,314
4294967294,476
4294967278,313
4294967278,312
4294967279,316
4294967279,315
2,867
2,866
2,865
2,864
2,863
2,862
2,861
2,860
2,859
2,858
2,857
2,856
2,855
2,854
2,853
2,852
2,851
2,850
2,849
2,848
2,847
2,846
2,845
2,844
2,843
2,842
2,841
2,840
2,839
2,838
2,837
2,836
2,835
2,834
2,833
2,832
2,831
2,830
2,829
2,828
2,827
2,826
2,825
2,824
2,823
2,822
2,821
2,820
2,819
2,818
2,817
2,816
2,815
2,814
2,813
2,812
2,811
2,810
2,809
2,808
2,807
2,806
2,805
2,804
2,803
2,802
2,801
2,800
2,799
2,798
2,797
2,796
2,795
2,794
2,793
2,792
2,791
2,790
2,789
4294967279,314
2,788
2,787
2,786
2,785
2,784
2,783
2,782
2,781
2,780
2,779
2,778
2,777
2,776
2,775
2,774
2,773
2,772
2,771
2,770
2,769
2,768
2,767
2,766
2,765
2,764
2,763
2,762
2,761
2,760
2,759
2,758
2,757
2,756
2,755
2,754
2,753
2,752
2,751
2,750
2,749
2,748
2,747
2,746
2,745
2,744
2,743
2,742
2,741
2,740
2,739
2,738
2,737
2,736
2,735
2,734
2,733
2,732
2,731
2,730
2,729
2,728
2,727
2,726
2,725
2,724
2,723
2,722
2,721
2,720
2,719
2,718
2,717
2,716
2,715
2,714
4294967278,311
2,713
2,712
2,711
2,710
2,709
2,708
2,707
2,706
2,705
2,704
2,703
2,702
2,701
2,700
2,699
2,698
2,697
2,696
2,695
2,694
2,693
2,692
2,691
2,690
2,689
2,688
2,687
2,686
2,685
2,684
2,683
2,682
2,681
2,680
2,679
2,678
2,677
2,676
2,675
2,674
2,673
2,672
2,671
2,670
2,669
2,668
2,667
2,666
2,665
2,664
2,663
2,662
2,661
2,660
2,659
2,658
2,657
2,656
2,655
2,654
2,653
2,652
2,651
2,650
2,649
2,648
2,647
2,646
2,645
2,644
2,643
2,642
2,641
2,640
2,639
2,638
2,637
2,636
2,635
2,634
2,633
2,632
2,631
2,630
2,629
2,628
2,627
2,626
2,625
2,624
2,623
2,622
2,621
2,620
2,619
2,618
2,617
2,616
2,615
2,614
2,613
2,612
2,611
2,610
2,609
2,608
2,607
2,606
2,605
2,604
2,603
2,602
2,601
2,600
2,599
2,598
2,597
2,596
2,595
2,594
2,593
2,592
2,591
2,590
2,589
2,588
2,587
4294967279,313
2,586
2,585
2,584
2,583
2,582
2,581
2,580
2,579
2,578
2,577
2,576
2,575
2,574
2,573
2,572
2,571
2,570
2,569
2,568
2,567
2,566
2,565
2,564
2,563
2,562
2,561
2,560
2,559
2,558
2,557
2,556
2,555
2,554
2,553
2,552
2,551
2,550
2,549
2,548
2,547
2,546
2,545
2,544
2,543
2,542
2,541
2,540
2,539
2,538
2,537
2,536
2,535
2,534
2,533
4294967278,310
2,532
2,531
2,530
2,529
2,528
2,527
2,526
2,525
2,524
2,523
2,522
2,521
2,520
2,519
2,518
2,517
2,516
2,515
2,514
2,513
2,512
2,511
2,510
2,509
2,508
2,507
2,506
2,505
2,504
2,503
2,502
2,501
2,500
2,499
2,498
2,497
2,496
2,495
2,494
2,493
2,492
2,491
2,490
2,489
2,488
2,487
2,486
2,485
2,484
4294967279,312
2,483
2,482
2,481
2,480
2,479
2,478
2,477
2,476
2,475
2,474
2,473
2,472
2,471
2,470
2,469
2,468
2,467
2,466
2,465
2,464
2,463
2,462
2,461
2,460
2,459
2,458
2,457
2,456
2,455
2,454
2,453
2,452
2,451
2,450
2,449
2,448
2,447
2,446
2,445
2,444
2,443
2,442
2,441
2,440
2,439
2,438
